55 
 0.000000
C 0 0.0035 0 0 -1.93 0 0 -1.86 0
C 1 0.0035 0 0 -1.86 0 0 -1.79 0
C 2 0.0035 0 0 -1.79 0 0 -1.72 0
C 3 0.0035 0 0 -1.72 0 0 -1.65 0
C 4 0.0035 0 0 -1.65 0 0 -1.58 0
C 5 0.0035 0 0 -1.58 0 0 -1.51 0
C 6 0.0035 0 0 -1.51 0 0 -1.44 0
C 7 0.0035 0 0 -1.44 0 0 -1.37 0
C 8 0.0035 0 0 -1.37 0 0 -1.3 0
C 9 0.0035 0 0 -1.3 0 0 -1.23 0
C 10 0.0035 0 0 -1.23 0 0 -1.16 0
C 11 0.0035 0 0 -1.16 0 0 -1.09 0
C 12 0.0035 0 0 -1.09 0 0 -1.02 0
C 13 0.0035 0 0 -1.02 0 0 -0.95 0
C 14 0.0035 0 0 -0.95 0 0 -0.88 0
C 15 0.0035 0 0 -0.88 0 0 -0.81 0
C 16 0.0035 0 0 -0.81 0 0 -0.74 0
C 17 0.0035 0 0 -0.74 0 0 -0.67 0
C 18 0.0035 0 0 -0.67 0 0 -0.6 0
C 19 0.0035 0 0 -0.6 0 0 -0.53 0
C 20 0.0035 0 0 -0.53 0 0 -0.46 0
C 21 0.0035 0 0 -0.46 0 0 -0.39 0
C 22 0.0035 0 0 -0.39 0 0 -0.32 0
C 23 0.0035 0 0 -0.32 0 0 -0.25 0
C 24 0.0035 0 0 -0.25 0 0 -0.18 0
C 25 0.0035 0 0 -0.18 0 0 -0.11 0
C 26 0.0035 0 0 -0.11 0 0 -0.04 0
C 27 0.0035 0 0 -0.04 0 0 0.03 0
C 28 0.0035 0 0 0.03 0 0 0.1 0
C 29 0.0035 0 0 0.1 0 0 0.17 0
C 30 0.0035 0 0 0.17 0 0 0.24 0
C 31 0.0035 0 0 0.24 0 0 0.31 0
C 32 0.0035 0 0 0.31 0 0 0.38 0
C 33 0.0035 0 0 0.38 0 0 0.45 0
C 34 0.0035 0 0 0.45 0 0 0.52 0
C 35 0.0035 0 0 0.52 0 0 0.59 0
C 36 0.0035 0 0 0.59 0 0 0.66 0
C 37 0.0035 0 0 0.66 0 0 0.73 0
C 38 0.0035 0 0 0.73 0 0 0.8 0
C 39 0.0035 0 0 0.8 0 0 0.87 0
C 40 0.0035 0 0 0.87 0 0 0.94 0
C 41 0.0035 0 0 0.94 0 0 1.01 0
C 42 0.0035 0 0 1.01 0 0 1.08 0
C 43 0.0035 0 0 1.08 0 0 1.15 0
C 44 0.0035 0 0 1.15 0 0 1.22 0
C 45 0.0035 0 0 1.22 0 0 1.29 0
C 46 0.0035 0 0 1.29 0 0 1.36 0
C 47 0.0035 0 0 1.36 0 0 1.43 0
C 48 0.0035 0 0 1.43 0 0 1.5 0
C 49 0.0035 0 0 1.5 0 0 1.57 0
C 50 0.0035 0 0 1.57 0 0 1.64 0
C 51 0.0035 0 0 1.64 0 0 1.71 0
C 52 0.0035 0 0 1.71 0 0 1.78 0
C 53 0.0035 0 0 1.78 0 0 1.85 0
C 54 0.0035 0 0 1.85 0 0 1.92 0
P 53 54
P 52 53
P 51 52
P 50 51
P 49 50
P 48 49
P 47 48
P 46 47
P 45 46
P 44 45
P 43 44
P 42 43
P 41 42
P 40 41
P 39 40
P 38 39
P 37 38
P 36 37
P 35 36
P 34 35
P 33 34
P 32 33
P 31 32
P 30 31
P 29 30
P 12 13
P 11 12
P 10 11
P 9 10
P 8 9
P 7 8
P 6 7
P 5 6
P 4 5
P 3 4
P 2 3
P 1 2
P 0 1
P 13 14
P 14 15
P 15 16
P 16 17
P 17 18
P 18 19
P 19 20
P 20 21
P 21 22
P 22 23
P 23 24
P 24 25
P 25 26
P 26 27
P 27 28
P 28 29