# Number of sylinders
# 10
C 0 0.0035 0.000000 0.000000 0.000000 0.000000 0.000000 0.350000 0
C 1 0.0035 0.000000 0.000000 0.350000 0.000000 0.000000 0.700000 0
C 2 0.0035 0.000000 0.000000 0.700000 0.000000 0.000000 1.050000 0
C 3 0.0035 0.000000 0.000000 1.050000 0.000000 0.000000 1.400000 0
C 4 0.0035 0.000000 0.000000 1.400000 0.000000 0.000000 1.750000 0
C 5 0.0035 0.000000 0.000000 1.750000 0.000000 0.000000 2.100000 0
C 6 0.0035 0.000000 0.000000 2.100000 0.000000 0.000000 2.450000 0
C 7 0.0035 0.000000 0.000000 2.450000 0.000000 0.000000 2.800000 0
C 8 0.0035 0.000000 0.000000 2.800000 0.000000 0.000000 3.150000 0
C 9 0.0035 0.000000 0.000000 3.150000 0.000000 0.000000 3.500000 0
P 0 1
P 1 2
P 2 3
P 3 4
P 4 5
P 5 6
P 6 7
P 7 8
P 8 9
