100 
 9.980010
P 0 0 10.8002 0.5 0.5 10.8936 0.5 0.57 0 1
P 1 0 10.6732 0.5 0.5 10.7172 0.5 0.57 0 1
P 2 0 8.21754 0.5 0.5 8.31598 0.5 0.57 0 1
P 3 0 10.4953 0.5 0.5 10.4974 0.5 0.57 0 1
P 4 0 11.0827 0.5 0.5 11.1175 0.5 0.57 0 1
P 5 0 9.24281 0.5 0.5 9.27193 0.5 0.57 0 1
P 6 0 11.8213 0.5 0.5 11.7731 0.5 0.57 0 1
P 7 0 11.5181 0.5 0.5 11.5775 0.5 0.57 0 1
P 8 0 8.38252 0.5 0.5 8.43339 0.5 0.57 0 1
P 9 0 8.05895 0.5 0.5 8.06891 0.5 0.57 0 1
P 10 0 8.8692 0.5 0.5 8.90259 0.5 0.57 0 1
P 11 0 8.09417 0.5 0.5 8.16321 0.5 0.57 0 1
P 12 0 9.96006 0.5 0.5 9.95422 0.5 0.57 0 1
P 13 0 9.92084 0.5 0.5 10.0029 0.5 0.57 0 1
P 14 0 8.28442 0.5 0.5 8.32864 0.5 0.57 0 1
P 15 0 9.97381 0.5 0.5 10.0765 0.5 0.57 0 1
P 16 0 11.3832 0.5 0.5 11.4695 0.5 0.57 0 1
P 17 0 9.65741 0.5 0.5 9.64559 0.5 0.57 0 1
P 18 0 10.9099 0.5 0.5 10.9205 0.5 0.57 0 1
P 19 0 11.9585 0.5 0.5 12.02 0.5 0.57 0 1
P 20 0 10.1768 0.5 0.5 10.2543 0.5 0.57 0 1
P 21 0 11.0108 0.5 0.5 11.0013 0.5 0.57 0 1
P 22 0 11.511 0.5 0.5 11.5472 0.5 0.57 0 1
P 23 0 9.10419 0.5 0.5 9.09796 0.5 0.57 0 1
P 24 0 8.7056 0.5 0.5 8.77393 0.5 0.57 0 1
P 25 0 8.80563 0.5 0.5 8.84236 0.5 0.57 0 1
P 26 0 9.31054 0.5 0.5 9.34536 0.5 0.57 0 1
P 27 0 8.32761 0.5 0.5 8.3255 0.5 0.57 0 1
P 28 0 8.94856 0.5 0.5 8.94856 0.5 0.5 0 -1
P 29 0 8.83152 0.5 0.5 8.86414 0.5 0.57 0 1
P 30 0 9.55827 0.5 0.5 9.54435 0.5 0.57 0 1
P 31 0 10.1912 0.5 0.5 10.1706 0.5 0.57 0 1
P 32 0 8.06459 0.5 0.5 8.14401 0.5 0.57 0 1
P 33 0 8.07186 0.5 0.5 8.12774 0.5 0.57 0 1
P 34 0 8.83722 0.5 0.5 8.89349 0.5 0.57 0 1
P 35 0 10.0239 0.5 0.5 10.0044 0.5 0.57 0 1
P 36 0 9.05583 0.5 0.5 9.06415 0.5 0.57 0 1
P 37 0 8.59279 0.5 0.5 8.61961 0.5 0.57 0 1
P 38 0 10.3918 0.5 0.5 10.4795 0.5 0.57 0 1
P 39 0 8.91066 0.5 0.5 8.94633 0.5 0.57 0 1
P 40 0 9.45349 0.5 0.5 9.46602 0.5 0.57 0 1
P 41 0 8.85976 0.5 0.5 8.85976 0.5 0.5 0 -1
P 42 0 8.27325 0.5 0.5 8.26759 0.5 0.57 0 1
P 43 0 9.04881 0.5 0.5 9.04155 0.5 0.57 0 1
P 44 0 10.8748 0.5 0.5 10.9889 0.5 0.57 0 1
P 45 0 11.5263 0.5 0.5 11.5355 0.5 0.57 0 1
P 46 0 8.05205 0.5 0.5 8.13284 0.5 0.57 0 1
P 47 0 9.77694 0.5 0.5 9.82439 0.5 0.57 0 1
P 48 0 10.8997 0.5 0.5 10.9208 0.5 0.57 0 1
P 49 0 10.1192 0.5 0.5 10.1593 0.5 0.57 0 1
P 50 0 11.8774 0.5 0.5 11.8478 0.5 0.57 0 1
P 51 0 11.9287 0.5 0.5 12.0094 0.5 0.57 0 1
P 52 0 9.44817 0.5 0.5 9.50241 0.5 0.57 0 1
P 53 0 11.0146 0.5 0.5 11.0146 0.5 0.5 0 -1
P 54 0 11.3247 0.5 0.5 11.3809 0.5 0.57 0 1
P 55 0 8.77234 0.5 0.5 8.81493 0.5 0.57 0 1
P 56 0 9.74009 0.5 0.5 9.75433 0.5 0.57 0 1
P 57 0 8.74952 0.5 0.5 8.75653 0.5 0.57 0 1
P 58 0 10.4344 0.5 0.5 10.5045 0.5 0.57 0 1
P 59 0 11.8535 0.5 0.5 11.9331 0.5 0.57 0 1
P 60 1 9.71205 0.5 0.5 9.7239 0.5 0.57 0 1
P 61 1 11.2101 0.5 0.5 11.238 0.5 0.57 0 1
P 62 1 8.67827 0.5 0.5 8.73632 0.5 0.57 0 1
P 63 1 8.73066 0.5 0.5 8.68606 0.5 0.57 0 1
P 64 1 9.86287 0.5 0.5 9.9254 0.5 0.57 0 1
P 65 1 10.8946 0.5 0.5 10.8646 0.5 0.57 0 1
P 66 1 9.44318 0.5 0.5 9.50478 0.5 0.57 0 1
P 67 1 10.3677 0.5 0.5 10.3285 0.5 0.57 0 1
P 68 1 8.76039 0.5 0.5 8.79448 0.5 0.57 0 1
P 69 1 11.7753 0.5 0.5 11.7759 0.5 0.57 0 1
P 70 1 8.70972 0.5 0.5 8.7292 0.5 0.57 0 1
P 71 1 10.5088 0.5 0.5 10.5419 0.5 0.57 0 1
P 72 1 8.90207 0.5 0.5 8.86287 0.5 0.57 0 1
P 73 1 8.10553 0.5 0.5 8.08337 0.5 0.57 0 1
P 74 1 11.1062 0.5 0.5 11.0726 0.5 0.57 0 1
P 75 1 10.9928 0.5 0.5 11.0186 0.5 0.57 0 1
P 76 1 11.0252 0.5 0.5 11.0434 0.5 0.57 0 1
P 77 1 9.3491 0.5 0.5 9.32727 0.5 0.57 0 1
P 78 1 8.95335 0.5 0.5 8.92391 0.5 0.57 0 1
P 79 1 9.65198 0.5 0.5 9.68094 0.5 0.57 0 1
P 80 1 11.7217 0.5 0.5 11.7626 0.5 0.57 0 1
P 81 1 11.5038 0.5 0.5 11.4987 0.5 0.57 0 1
P 82 1 11.0676 0.5 0.5 11.0898 0.5 0.57 0 1
P 83 1 9.78357 0.5 0.5 9.74754 0.5 0.57 0 1
P 84 1 11.6201 0.5 0.5 11.5959 0.5 0.57 0 1
P 85 1 10.8243 0.5 0.5 10.8337 0.5 0.57 0 1
P 86 1 11.9764 0.5 0.5 11.9702 0.5 0.57 0 1
P 87 1 10.8262 0.5 0.5 10.8424 0.5 0.57 0 1
P 88 1 9.88483 0.5 0.5 9.92943 0.5 0.57 0 1
P 89 1 8.30288 0.5 0.5 8.26957 0.5 0.57 0 1
P 90 1 9.72953 0.5 0.5 9.77739 0.5 0.57 0 1
P 91 1 11.8492 0.5 0.5 11.7855 0.5 0.57 0 1
P 92 1 11.6146 0.5 0.5 11.6586 0.5 0.57 0 1
P 93 1 10.3363 0.5 0.5 10.3614 0.5 0.57 0 1
P 94 1 10.0809 0.5 0.5 10.0753 0.5 0.57 0 1
P 95 1 9.1172 0.5 0.5 9.15676 0.5 0.57 0 1
P 96 1 10.4653 0.5 0.5 10.4822 0.5 0.57 0 1
P 97 1 8.60756 0.5 0.5 8.55671 0.5 0.57 0 1
P 98 1 8.3693 0.5 0.5 8.41256 0.5 0.57 0 1
P 99 1 10.8765 0.5 0.5 10.9067 0.5 0.57 0 1
