# Initial configuration of rods
#
C 0 0.01 -2.000000 0.010000 0.000000 -1.999999 0.010000 0.000000 0
C 1 0.01 -1.979799 0.010000 0.000000 -1.979798 0.010000 0.000000 0
C 2 0.01 -1.959598 0.010000 0.000000 -1.959597 0.010000 0.000000 0
C 3 0.01 -1.939397 0.010000 0.000000 -1.939396 0.010000 0.000000 0
C 4 0.01 -1.919196 0.010000 0.000000 -1.919195 0.010000 0.000000 0
C 5 0.01 -1.898995 0.010000 0.000000 -1.898994 0.010000 0.000000 0
C 6 0.01 -1.878794 0.010000 0.000000 -1.878793 0.010000 0.000000 0
C 7 0.01 -1.858593 0.010000 0.000000 -1.858592 0.010000 0.000000 0
C 8 0.01 -1.838392 0.010000 0.000000 -1.838391 0.010000 0.000000 0
C 9 0.01 -1.818191 0.010000 0.000000 -1.818190 0.010000 0.000000 0
C 10 0.01 -1.797990 0.010000 0.000000 -1.797989 0.010000 0.000000 0
C 11 0.01 -1.777789 0.010000 0.000000 -1.777788 0.010000 0.000000 0
C 12 0.01 -1.757588 0.010000 0.000000 -1.757587 0.010000 0.000000 0
C 13 0.01 -1.737387 0.010000 0.000000 -1.737386 0.010000 0.000000 0
C 14 0.01 -1.717186 0.010000 0.000000 -1.717185 0.010000 0.000000 0
C 15 0.01 -1.696985 0.010000 0.000000 -1.696984 0.010000 0.000000 0
C 16 0.01 -1.676784 0.010000 0.000000 -1.676783 0.010000 0.000000 0
C 17 0.01 -1.656583 0.010000 0.000000 -1.656582 0.010000 0.000000 0
C 18 0.01 -1.636382 0.010000 0.000000 -1.636381 0.010000 0.000000 0
C 19 0.01 -1.616181 0.010000 0.000000 -1.616180 0.010000 0.000000 0
C 20 0.01 -1.595980 0.010000 0.000000 -1.595979 0.010000 0.000000 0
C 21 0.01 -1.575779 0.010000 0.000000 -1.575778 0.010000 0.000000 0
C 22 0.01 -1.555578 0.010000 0.000000 -1.555577 0.010000 0.000000 0
C 23 0.01 -1.535377 0.010000 0.000000 -1.535376 0.010000 0.000000 0
C 24 0.01 -1.515176 0.010000 0.000000 -1.515175 0.010000 0.000000 0
C 25 0.01 -1.494975 0.010000 0.000000 -1.494974 0.010000 0.000000 0
C 26 0.01 -1.474774 0.010000 0.000000 -1.474773 0.010000 0.000000 0
C 27 0.01 -1.454573 0.010000 0.000000 -1.454572 0.010000 0.000000 0
C 28 0.01 -1.434372 0.010000 0.000000 -1.434371 0.010000 0.000000 0
C 29 0.01 -1.414171 0.010000 0.000000 -1.414170 0.010000 0.000000 0
C 30 0.01 -1.393970 0.010000 0.000000 -1.393969 0.010000 0.000000 0
C 31 0.01 -1.373769 0.010000 0.000000 -1.373768 0.010000 0.000000 0
C 32 0.01 -1.353568 0.010000 0.000000 -1.353567 0.010000 0.000000 0
C 33 0.01 -1.333367 0.010000 0.000000 -1.333366 0.010000 0.000000 0
C 34 0.01 -1.313166 0.010000 0.000000 -1.313165 0.010000 0.000000 0
C 35 0.01 -1.292965 0.010000 0.000000 -1.292964 0.010000 0.000000 0
C 36 0.01 -1.272764 0.010000 0.000000 -1.272763 0.010000 0.000000 0
C 37 0.01 -1.252563 0.010000 0.000000 -1.252562 0.010000 0.000000 0
C 38 0.01 -1.232362 0.010000 0.000000 -1.232361 0.010000 0.000000 0
C 39 0.01 -1.212161 0.010000 0.000000 -1.212160 0.010000 0.000000 0
C 40 0.01 -1.191960 0.010000 0.000000 -1.191959 0.010000 0.000000 0
C 41 0.01 -1.171759 0.010000 0.000000 -1.171758 0.010000 0.000000 0
C 42 0.01 -1.151558 0.010000 0.000000 -1.151557 0.010000 0.000000 0
C 43 0.01 -1.131357 0.010000 0.000000 -1.131356 0.010000 0.000000 0
C 44 0.01 -1.111156 0.010000 0.000000 -1.111155 0.010000 0.000000 0
C 45 0.01 -1.090955 0.010000 0.000000 -1.090954 0.010000 0.000000 0
C 46 0.01 -1.070754 0.010000 0.000000 -1.070753 0.010000 0.000000 0
C 47 0.01 -1.050553 0.010000 0.000000 -1.050552 0.010000 0.000000 0
C 48 0.01 -1.030352 0.010000 0.000000 -1.030351 0.010000 0.000000 0
C 49 0.01 -1.010151 0.010000 0.000000 -1.010150 0.010000 0.000000 0
C 50 0.01 -0.989950 0.010000 0.000000 -0.989949 0.010000 0.000000 0
C 51 0.01 -0.969749 0.010000 0.000000 -0.969748 0.010000 0.000000 0
C 52 0.01 -0.949548 0.010000 0.000000 -0.949547 0.010000 0.000000 0
C 53 0.01 -0.929347 0.010000 0.000000 -0.929346 0.010000 0.000000 0
C 54 0.01 -0.909146 0.010000 0.000000 -0.909145 0.010000 0.000000 0
C 55 0.01 -0.888945 0.010000 0.000000 -0.888944 0.010000 0.000000 0
C 56 0.01 -0.868744 0.010000 0.000000 -0.868743 0.010000 0.000000 0
C 57 0.01 -0.848543 0.010000 0.000000 -0.848542 0.010000 0.000000 0
C 58 0.01 -0.828342 0.010000 0.000000 -0.828341 0.010000 0.000000 0
C 59 0.01 -0.808141 0.010000 0.000000 -0.808140 0.010000 0.000000 0
C 60 0.01 -0.787940 0.010000 0.000000 -0.787939 0.010000 0.000000 0
C 61 0.01 -0.767739 0.010000 0.000000 -0.767738 0.010000 0.000000 0
C 62 0.01 -0.747538 0.010000 0.000000 -0.747537 0.010000 0.000000 0
C 63 0.01 -0.727337 0.010000 0.000000 -0.727336 0.010000 0.000000 0
C 64 0.01 -0.707136 0.010000 0.000000 -0.707135 0.010000 0.000000 0
C 65 0.01 -0.686935 0.010000 0.000000 -0.686934 0.010000 0.000000 0
C 66 0.01 -0.666734 0.010000 0.000000 -0.666733 0.010000 0.000000 0
C 67 0.01 -0.646533 0.010000 0.000000 -0.646532 0.010000 0.000000 0
C 68 0.01 -0.626332 0.010000 0.000000 -0.626331 0.010000 0.000000 0
C 69 0.01 -0.606131 0.010000 0.000000 -0.606130 0.010000 0.000000 0
C 70 0.01 -0.585930 0.010000 0.000000 -0.585929 0.010000 0.000000 0
C 71 0.01 -0.565729 0.010000 0.000000 -0.565728 0.010000 0.000000 0
C 72 0.01 -0.545528 0.010000 0.000000 -0.545527 0.010000 0.000000 0
C 73 0.01 -0.525327 0.010000 0.000000 -0.525326 0.010000 0.000000 0
C 74 0.01 -0.505126 0.010000 0.000000 -0.505125 0.010000 0.000000 0
C 75 0.01 -0.484925 0.010000 0.000000 -0.484924 0.010000 0.000000 0
C 76 0.01 -0.464724 0.010000 0.000000 -0.464723 0.010000 0.000000 0
C 77 0.01 -0.444523 0.010000 0.000000 -0.444522 0.010000 0.000000 0
C 78 0.01 -0.424322 0.010000 0.000000 -0.424321 0.010000 0.000000 0
C 79 0.01 -0.404121 0.010000 0.000000 -0.404120 0.010000 0.000000 0
C 80 0.01 -0.383920 0.010000 0.000000 -0.383919 0.010000 0.000000 0
C 81 0.01 -0.363719 0.010000 0.000000 -0.363718 0.010000 0.000000 0
C 82 0.01 -0.343518 0.010000 0.000000 -0.343517 0.010000 0.000000 0
C 83 0.01 -0.323317 0.010000 0.000000 -0.323316 0.010000 0.000000 0
C 84 0.01 -0.303116 0.010000 0.000000 -0.303115 0.010000 0.000000 0
C 85 0.01 -0.282915 0.010000 0.000000 -0.282914 0.010000 0.000000 0
C 86 0.01 -0.262714 0.010000 0.000000 -0.262713 0.010000 0.000000 0
C 87 0.01 -0.242513 0.010000 0.000000 -0.242512 0.010000 0.000000 0
C 88 0.01 -0.222312 0.010000 0.000000 -0.222311 0.010000 0.000000 0
C 89 0.01 -0.202111 0.010000 0.000000 -0.202110 0.010000 0.000000 0
C 90 0.01 -0.181910 0.010000 0.000000 -0.181909 0.010000 0.000000 0
C 91 0.01 -0.161709 0.010000 0.000000 -0.161708 0.010000 0.000000 0
C 92 0.01 -0.141508 0.010000 0.000000 -0.141507 0.010000 0.000000 0
C 93 0.01 -0.121307 0.010000 0.000000 -0.121306 0.010000 0.000000 0
C 94 0.01 -0.101106 0.010000 0.000000 -0.101105 0.010000 0.000000 0
C 95 0.01 -0.080905 0.010000 0.000000 -0.080904 0.010000 0.000000 0
C 96 0.01 -0.060704 0.010000 0.000000 -0.060703 0.010000 0.000000 0
C 97 0.01 -0.040503 0.010000 0.000000 -0.040502 0.010000 0.000000 0
C 98 0.01 -0.020302 0.010000 0.000000 -0.020301 0.010000 0.000000 0
C 99 0.01 -0.000101 0.010000 0.000000 -0.000100 0.010000 0.000000 0
C 100 0.01 0.020100 0.010000 0.000000 0.020101 0.010000 0.000000 0
C 101 0.01 0.040301 0.010000 0.000000 0.040302 0.010000 0.000000 0
C 102 0.01 0.060502 0.010000 0.000000 0.060503 0.010000 0.000000 0
C 103 0.01 0.080703 0.010000 0.000000 0.080704 0.010000 0.000000 0
C 104 0.01 0.100904 0.010000 0.000000 0.100905 0.010000 0.000000 0
C 105 0.01 0.121105 0.010000 0.000000 0.121106 0.010000 0.000000 0
C 106 0.01 0.141306 0.010000 0.000000 0.141307 0.010000 0.000000 0
C 107 0.01 0.161507 0.010000 0.000000 0.161508 0.010000 0.000000 0
C 108 0.01 0.181708 0.010000 0.000000 0.181709 0.010000 0.000000 0
C 109 0.01 0.201909 0.010000 0.000000 0.201910 0.010000 0.000000 0
C 110 0.01 0.222110 0.010000 0.000000 0.222111 0.010000 0.000000 0
C 111 0.01 0.242311 0.010000 0.000000 0.242312 0.010000 0.000000 0
C 112 0.01 0.262512 0.010000 0.000000 0.262513 0.010000 0.000000 0
C 113 0.01 0.282713 0.010000 0.000000 0.282714 0.010000 0.000000 0
C 114 0.01 0.302914 0.010000 0.000000 0.302915 0.010000 0.000000 0
C 115 0.01 0.323115 0.010000 0.000000 0.323116 0.010000 0.000000 0
C 116 0.01 0.343316 0.010000 0.000000 0.343317 0.010000 0.000000 0
C 117 0.01 0.363517 0.010000 0.000000 0.363518 0.010000 0.000000 0
C 118 0.01 0.383718 0.010000 0.000000 0.383719 0.010000 0.000000 0
C 119 0.01 0.403919 0.010000 0.000000 0.403920 0.010000 0.000000 0
C 120 0.01 0.424120 0.010000 0.000000 0.424121 0.010000 0.000000 0
C 121 0.01 0.444321 0.010000 0.000000 0.444322 0.010000 0.000000 0
C 122 0.01 0.464522 0.010000 0.000000 0.464523 0.010000 0.000000 0
C 123 0.01 0.484723 0.010000 0.000000 0.484724 0.010000 0.000000 0
C 124 0.01 0.504924 0.010000 0.000000 0.504925 0.010000 0.000000 0
C 125 0.01 0.525125 0.010000 0.000000 0.525126 0.010000 0.000000 0
C 126 0.01 0.545326 0.010000 0.000000 0.545327 0.010000 0.000000 0
C 127 0.01 0.565527 0.010000 0.000000 0.565528 0.010000 0.000000 0
C 128 0.01 0.585728 0.010000 0.000000 0.585729 0.010000 0.000000 0
C 129 0.01 0.605929 0.010000 0.000000 0.605930 0.010000 0.000000 0
C 130 0.01 0.626130 0.010000 0.000000 0.626131 0.010000 0.000000 0
C 131 0.01 0.646331 0.010000 0.000000 0.646332 0.010000 0.000000 0
C 132 0.01 0.666532 0.010000 0.000000 0.666533 0.010000 0.000000 0
C 133 0.01 0.686733 0.010000 0.000000 0.686734 0.010000 0.000000 0
C 134 0.01 0.706934 0.010000 0.000000 0.706935 0.010000 0.000000 0
C 135 0.01 0.727135 0.010000 0.000000 0.727136 0.010000 0.000000 0
C 136 0.01 0.747336 0.010000 0.000000 0.747337 0.010000 0.000000 0
C 137 0.01 0.767537 0.010000 0.000000 0.767538 0.010000 0.000000 0
C 138 0.01 0.787738 0.010000 0.000000 0.787739 0.010000 0.000000 0
C 139 0.01 0.807939 0.010000 0.000000 0.807940 0.010000 0.000000 0
C 140 0.01 0.828140 0.010000 0.000000 0.828141 0.010000 0.000000 0
C 141 0.01 0.848341 0.010000 0.000000 0.848342 0.010000 0.000000 0
C 142 0.01 0.868542 0.010000 0.000000 0.868543 0.010000 0.000000 0
C 143 0.01 0.888743 0.010000 0.000000 0.888744 0.010000 0.000000 0
C 144 0.01 0.908944 0.010000 0.000000 0.908945 0.010000 0.000000 0
C 145 0.01 0.929145 0.010000 0.000000 0.929146 0.010000 0.000000 0
C 146 0.01 0.949346 0.010000 0.000000 0.949347 0.010000 0.000000 0
C 147 0.01 0.969547 0.010000 0.000000 0.969548 0.010000 0.000000 0
C 148 0.01 0.989748 0.010000 0.000000 0.989749 0.010000 0.000000 0
C 149 0.01 1.009949 0.010000 0.000000 1.009950 0.010000 0.000000 0
C 150 0.01 1.030150 0.010000 0.000000 1.030151 0.010000 0.000000 0
C 151 0.01 1.050351 0.010000 0.000000 1.050352 0.010000 0.000000 0
C 152 0.01 1.070552 0.010000 0.000000 1.070553 0.010000 0.000000 0
C 153 0.01 1.090753 0.010000 0.000000 1.090754 0.010000 0.000000 0
C 154 0.01 1.110954 0.010000 0.000000 1.110955 0.010000 0.000000 0
C 155 0.01 1.131155 0.010000 0.000000 1.131156 0.010000 0.000000 0
C 156 0.01 1.151356 0.010000 0.000000 1.151357 0.010000 0.000000 0
C 157 0.01 1.171557 0.010000 0.000000 1.171558 0.010000 0.000000 0
C 158 0.01 1.191758 0.010000 0.000000 1.191759 0.010000 0.000000 0
C 159 0.01 1.211959 0.010000 0.000000 1.211960 0.010000 0.000000 0
C 160 0.01 1.232160 0.010000 0.000000 1.232161 0.010000 0.000000 0
C 161 0.01 1.252361 0.010000 0.000000 1.252362 0.010000 0.000000 0
C 162 0.01 1.272562 0.010000 0.000000 1.272563 0.010000 0.000000 0
C 163 0.01 1.292763 0.010000 0.000000 1.292764 0.010000 0.000000 0
C 164 0.01 1.312964 0.010000 0.000000 1.312965 0.010000 0.000000 0
C 165 0.01 1.333165 0.010000 0.000000 1.333166 0.010000 0.000000 0
C 166 0.01 1.353366 0.010000 0.000000 1.353367 0.010000 0.000000 0
C 167 0.01 1.373567 0.010000 0.000000 1.373568 0.010000 0.000000 0
C 168 0.01 1.393768 0.010000 0.000000 1.393769 0.010000 0.000000 0
C 169 0.01 1.413969 0.010000 0.000000 1.413970 0.010000 0.000000 0
C 170 0.01 1.434170 0.010000 0.000000 1.434171 0.010000 0.000000 0
C 171 0.01 1.454371 0.010000 0.000000 1.454372 0.010000 0.000000 0
C 172 0.01 1.474572 0.010000 0.000000 1.474573 0.010000 0.000000 0
C 173 0.01 1.494773 0.010000 0.000000 1.494774 0.010000 0.000000 0
C 174 0.01 1.514974 0.010000 0.000000 1.514975 0.010000 0.000000 0
C 175 0.01 1.535175 0.010000 0.000000 1.535176 0.010000 0.000000 0
C 176 0.01 1.555376 0.010000 0.000000 1.555377 0.010000 0.000000 0
C 177 0.01 1.575577 0.010000 0.000000 1.575578 0.010000 0.000000 0
C 178 0.01 1.595778 0.010000 0.000000 1.595779 0.010000 0.000000 0
C 179 0.01 1.615979 0.010000 0.000000 1.615980 0.010000 0.000000 0
C 180 0.01 1.636180 0.010000 0.000000 1.636181 0.010000 0.000000 0
C 181 0.01 1.656381 0.010000 0.000000 1.656382 0.010000 0.000000 0
C 182 0.01 1.676582 0.010000 0.000000 1.676583 0.010000 0.000000 0
C 183 0.01 1.696783 0.010000 0.000000 1.696784 0.010000 0.000000 0
C 184 0.01 1.716984 0.010000 0.000000 1.716985 0.010000 0.000000 0
C 185 0.01 1.737185 0.010000 0.000000 1.737186 0.010000 0.000000 0
C 186 0.01 1.757386 0.010000 0.000000 1.757387 0.010000 0.000000 0
C 187 0.01 1.777587 0.010000 0.000000 1.777588 0.010000 0.000000 0
C 188 0.01 1.797788 0.010000 0.000000 1.797789 0.010000 0.000000 0
C 189 0.01 1.817989 0.010000 0.000000 1.817990 0.010000 0.000000 0
C 190 0.01 1.838190 0.010000 0.000000 1.838191 0.010000 0.000000 0
C 191 0.01 1.858391 0.010000 0.000000 1.858392 0.010000 0.000000 0
C 192 0.01 1.878592 0.010000 0.000000 1.878593 0.010000 0.000000 0
C 193 0.01 1.898793 0.010000 0.000000 1.898794 0.010000 0.000000 0
C 194 0.01 1.918994 0.010000 0.000000 1.918995 0.010000 0.000000 0
C 195 0.01 1.939195 0.010000 0.000000 1.939196 0.010000 0.000000 0
C 196 0.01 1.959396 0.010000 0.000000 1.959397 0.010000 0.000000 0
C 197 0.01 1.979597 0.010000 0.000000 1.979598 0.010000 0.000000 0
C 198 0.01 1.999798 0.010000 0.000000 1.999799 0.010000 0.000000 0
C 199 0.01 2.019999 0.010000 0.000000 2.020000 0.010000 0.000000 0
L 0 1
L 1 2
L 2 3
L 3 4
L 4 5
L 5 6
L 6 7
L 7 8
L 8 9
L 9 10
L 10 11
L 11 12
L 12 13
L 13 14
L 14 15
L 15 16
L 16 17
L 17 18
L 18 19
L 19 20
L 20 21
L 21 22
L 22 23
L 23 24
L 24 25
L 25 26
L 26 27
L 27 28
L 28 29
L 29 30
L 30 31
L 31 32
L 32 33
L 33 34
L 34 35
L 35 36
L 36 37
L 37 38
L 38 39
L 39 40
L 40 41
L 41 42
L 42 43
L 43 44
L 44 45
L 45 46
L 46 47
L 47 48
L 48 49
L 49 50
L 50 51
L 51 52
L 52 53
L 53 54
L 54 55
L 55 56
L 56 57
L 57 58
L 58 59
L 59 60
L 60 61
L 61 62
L 62 63
L 63 64
L 64 65
L 65 66
L 66 67
L 67 68
L 68 69
L 69 70
L 70 71
L 71 72
L 72 73
L 73 74
L 74 75
L 75 76
L 76 77
L 77 78
L 78 79
L 79 80
L 80 81
L 81 82
L 82 83
L 83 84
L 84 85
L 85 86
L 86 87
L 87 88
L 88 89
L 89 90
L 90 91
L 91 92
L 92 93
L 93 94
L 94 95
L 95 96
L 96 97
L 97 98
L 98 99
L 99 100
L 100 101
L 101 102
L 102 103
L 103 104
L 104 105
L 105 106
L 106 107
L 107 108
L 108 109
L 109 110
L 110 111
L 111 112
L 112 113
L 113 114
L 114 115
L 115 116
L 116 117
L 117 118
L 118 119
L 119 120
L 120 121
L 121 122
L 122 123
L 123 124
L 124 125
L 125 126
L 126 127
L 127 128
L 128 129
L 129 130
L 130 131
L 131 132
L 132 133
L 133 134
L 134 135
L 135 136
L 136 137
L 137 138
L 138 139
L 139 140
L 140 141
L 141 142
L 142 143
L 143 144
L 144 145
L 145 146
L 146 147
L 147 148
L 148 149
L 149 150
L 150 151
L 151 152
L 152 153
L 153 154
L 154 155
L 155 156
L 156 157
L 157 158
L 158 159
L 159 160
L 160 161
L 161 162
L 162 163
L 163 164
L 164 165
L 165 166
L 166 167
L 167 168
L 168 169
L 169 170
L 170 171
L 171 172
L 172 173
L 173 174
L 174 175
L 175 176
L 176 177
L 177 178
L 178 179
L 179 180
L 180 181
L 181 182
L 182 183
L 183 184
L 184 185
L 185 186
L 186 187
L 187 188
L 188 189
L 189 190
L 190 191
L 191 192
L 192 193
L 193 194
L 194 195
L 195 196
L 196 197
L 197 198
L 198 199
